Listening to port 4567
Connected!!!
EKF: 
EKF: After Init0.201778
0.385989
-1.24257
-2.37696
x_ =  0.218459
  0.68347
-0.116709
  3.57063
P_ = 0.0223563         0  0.319378         0
        0 0.0223563         0  0.319378
 0.319378         0   290.286         0
        0  0.319378         0   290.286
x_ = -0.181706
 0.759662
 -7.42429
  2.40144
P_ =  0.00170627  0.00401233   0.0132388 -0.00157659
 0.00401233   0.0168469 -0.00174568  0.00396076
  0.0132388 -0.00174568     7.97909    -1.93113
-0.00157659  0.00396076    -1.93113    0.563343
x_ = -0.424708
 0.730687
 -4.50061
  1.63449
P_ =    0.0113659 -0.000265495     0.203091   -0.0481751
-0.000265495    0.0101957   -0.0488868    0.0167191
    0.203091   -0.0488868      4.06236    -0.974324
  -0.0481751    0.0167191    -0.974324     0.351438
x_ = -0.658957
  0.59286
 -4.05497
  1.18505
P_ =   0.00146716  -0.00135429    0.0129557   0.00225918
 -0.00135429   0.00324831   -0.0157071 -3.10711e-05
   0.0129557   -0.0157071     0.189726    0.0429622
  0.00225918 -3.10711e-05    0.0429622    0.0832139
x_ = -0.858884
 0.636136
 -4.03514
  1.14415
P_ = 0.00273175 -0.0014611   0.019331 0.00417689
-0.0014611 0.00289633 -0.0103197 0.00437433
  0.019331 -0.0103197   0.186243  0.0413277
0.00417689 0.00437433  0.0413277   0.103984
x_ = -1.11406
0.666691
-4.41221
0.966512
P_ =  0.00265716 -0.00125538   0.0119374  0.00489401
-0.00125538  0.00181062 -0.00485591   0.0021771
  0.0119374 -0.00485591   0.0878865   0.0354423
 0.00489401   0.0021771   0.0354423   0.0861274
x_ = -1.31079
0.696844
-4.32366
0.952698
P_ =   0.00341774 -0.000897833     0.014205    0.0059347
-0.000897833   0.00200958  -0.00213423   0.00668266
    0.014205  -0.00213423    0.0994282    0.0319021
   0.0059347   0.00668266    0.0319021     0.104776
x_ =  -1.5299
0.700118
-4.33908
0.722615
P_ =   0.00332524 -0.000854836   0.00941399   0.00498622
-0.000854836   0.00171983  -0.00102551   0.00543364
  0.00941399  -0.00102551    0.0594427     0.023034
  0.00498622   0.00543364     0.023034    0.0852271
x_ = -1.69864
0.719811
-4.20586
0.743794
P_ =   0.00369074 -0.000451006    0.0108272   0.00533671
-0.000451006   0.00223135  0.000373222   0.00936329
   0.0108272  0.000373222    0.0757096    0.0199102
  0.00533671   0.00936329    0.0199102     0.102003
x_ =  -1.9486
0.711202
-4.44793
0.535147
P_ =   0.00361079 -0.000550785     0.007536   0.00413168
-0.000550785    0.0019906  0.000313452   0.00754343
    0.007536  0.000313452    0.0507197    0.0163878
  0.00413168   0.00754343    0.0163878    0.0849763
x_ =  -2.1904
0.744795
-4.49031
0.537834
P_ =   0.00375139 -0.000211662   0.00887207   0.00424181
-0.000211662   0.00262242   0.00110085    0.0109614
  0.00887207   0.00110085     0.068971    0.0138311
  0.00424181    0.0109614    0.0138311     0.100524
x_ =   -2.47643
  0.652071
  -4.76277
0.00845519
P_ =   0.00373424 -0.000302453   0.00649342   0.00352129
-0.000302453   0.00245673  0.000934147   0.00957603
  0.00649342  0.000934147     0.047961    0.0139894
  0.00352129   0.00957603    0.0139894    0.0903945
x_ = -2.72032
 0.67975
-4.76195
0.112505
P_ =   0.00376213 -3.20304e-05   0.00787554   0.00353589
-3.20304e-05   0.00314372   0.00141882    0.0126162
  0.00787554   0.00141882    0.0670488    0.0115877
  0.00353589    0.0126162    0.0115877     0.104012
x_ = -2.98144
0.696131
-4.75777
0.123533
P_ =   0.00378203 -9.93187e-05   0.00587377   0.00306417
-9.93187e-05   0.00303558   0.00107926    0.0116378
  0.00587377   0.00107926    0.0462469    0.0116142
  0.00306417    0.0116378    0.0116142    0.0983319
x_ = -3.23348
0.731492
-4.77603
 0.22511
P_ =  0.00374889 9.52108e-05  0.00728392  0.00296515
9.52108e-05  0.00372118  0.00134841   0.0142706
 0.00728392  0.00134841   0.0658153  0.00940839
 0.00296515   0.0142706  0.00940839    0.109495
x_ =  -3.47971
 0.701679
 -4.79451
0.0677751
P_ =  0.00378621 4.40027e-05  0.00559154  0.00274182
4.40027e-05   0.0036979  0.00131608   0.0136086
 0.00559154  0.00131608   0.0459942   0.0116562
 0.00274182   0.0136086   0.0116562     0.10564
x_ =  -3.72926
 0.646298
 -4.82813
-0.149969
P_ =  0.00373031 0.000186125  0.00703648  0.00261251
0.000186125  0.00431188  0.00146506   0.0156977
 0.00703648  0.00146506   0.0657268   0.0093498
 0.00261251   0.0156977   0.0093498    0.114182
x_ =  -3.96765
 0.683399
 -4.89129
0.0216688
P_ =  0.00377463 0.000136092  0.00537794  0.00240106
0.000136092   0.0043486  0.00119117   0.0153685
 0.00537794  0.00119117   0.0452637  0.00988134
 0.00240106   0.0153685  0.00988134    0.112603
x_ =  -4.25085
 0.629263
 -4.97163
-0.184699
P_ = 0.00370517 0.00022307 0.00683599 0.00220461
0.00022307 0.00484631 0.00124092  0.0168883
0.00683599 0.00124092  0.0651783  0.0078126
0.00220461  0.0168883  0.0078126   0.118635
x_ =  -4.49256
 0.622736
 -4.95689
-0.173499
P_ =  0.00375873 0.000192723  0.00526304  0.00212597
0.000192723   0.0050059  0.00112196   0.0170431
 0.00526304  0.00112196   0.0449241  0.00895463
 0.00212597   0.0170431  0.00895463    0.119056
x_ =  -4.73498
 0.677901
   -4.939
0.0412785
P_ =   0.0036849 0.000240595  0.00673303  0.00190029
0.000240595  0.00534864  0.00111023   0.0179307
 0.00673303  0.00111023   0.0649312    0.007022
 0.00190029   0.0179307    0.007022    0.122564
x_ = -4.96105
0.744986
-4.96732
0.270358
P_ =  0.00374804 0.000242006   0.0052387  0.00201919
0.000242006  0.00561974  0.00130174   0.0184808
  0.0052387  0.00130174   0.0449901  0.00954809
 0.00201919   0.0184808  0.00954809    0.124349
x_ = -5.22279
 0.74618
-4.99319
0.227231
P_ =   0.0036749 0.000268413  0.00671457  0.00178748
0.000268413  0.00578425  0.00122572    0.018737
 0.00671457  0.00122572   0.0649907  0.00742693
 0.00178748    0.018737  0.00742693    0.125614
x_ = -5.48785
0.726458
-5.10701
0.135716
P_ =  0.00374484 0.000299542  0.00525669  0.00205872
0.000299542  0.00618387  0.00158035   0.0197416
 0.00525669  0.00158035   0.0451722    0.010597
 0.00205872   0.0197416    0.010597    0.128927
x_ =  -5.7094
0.822987
-5.03294
0.424774
P_ =  0.00367272 0.000308573  0.00673031  0.00179917
0.000308573  0.00616135  0.00142157   0.0193896
 0.00673031  0.00142157   0.0651226  0.00813262
 0.00179917   0.0193896  0.00813262    0.128167
x_ = -5.93899
0.913665
-4.77556
0.616407
P_ =  0.00374893 0.000370297  0.00529852  0.00219919
0.000370297  0.00669426  0.00190573   0.0208484
 0.00529852  0.00190573   0.0454058   0.0117928
 0.00219919   0.0208484   0.0117928     0.13291
x_ = -6.13055
0.932344
-4.69127
 0.58929
P_ =  0.00367665 0.000360109  0.00676266  0.00188408
0.000360109  0.00648543  0.00164596   0.0199248
 0.00676266  0.00164596   0.0652793  0.00890214
 0.00188408   0.0199248  0.00890214    0.130331
x_ =  -6.3819
0.974012
-4.96775
0.660424
P_ =  0.00375944 0.000451477  0.00536366  0.00241441
0.000451477  0.00711827  0.00228071   0.0217094
 0.00536366  0.00228071   0.0457573    0.013295
 0.00241441   0.0217094    0.013295    0.135967
x_ = -6.65269
0.968008
-5.01533
 0.53872
P_ =  0.00368601 0.000421119  0.00681326  0.00203064
0.000421119  0.00674074   0.0019093   0.0203035
 0.00681326   0.0019093   0.0655201  0.00989573
 0.00203064   0.0203035  0.00989573    0.131957
x_ = -6.89301
0.994711
-5.01032
0.542168
P_ =  0.00376862 0.000522403   0.0053842  0.00255844
0.000522403  0.00753393  0.00241163   0.0226346
  0.0053842  0.00241163   0.0457573   0.0135492
 0.00255844   0.0226346   0.0135492    0.139371
x_ = -7.13346
 1.08828
-4.98134
0.740437
P_ =  0.00369125 0.000463471  0.00682001  0.00208366
0.000463471  0.00698791  0.00196008   0.0207303
 0.00682001  0.00196008   0.0654922  0.00994047
 0.00208366   0.0207303  0.00994047    0.133778
x_ = -7.38449
 1.07652
-4.92592
0.585568
P_ =  0.00378149 0.000599695  0.00543678  0.00275122
0.000599695  0.00790627   0.0026937   0.0234234
 0.00543678   0.0026937   0.0460205   0.0146538
 0.00275122   0.0234234   0.0146538    0.142049
x_ = -7.61864
 1.12163
-4.90108
0.633959
P_ =  0.00370081 0.000515749  0.00685652  0.00219826
0.000515749  0.00719951  0.00213976   0.0210609
 0.00685652  0.00213976   0.0656653   0.0106356
 0.00219826   0.0210609   0.0106356    0.135109
x_ = -7.83498
  1.1573
-4.83986
0.649669
P_ =  0.00379013 0.000657606  0.00544753  0.00285396
0.000657606  0.00824075  0.00276936   0.0241481
 0.00544753  0.00276936   0.0459939   0.0147557
 0.00285396   0.0241481   0.0147557    0.144604
x_ = -8.06489
 1.18818
-4.81804
 0.64717
P_ =  0.00370513 0.000546878   0.0068561  0.00222394
0.000546878  0.00738617  0.00215387   0.0213681
  0.0068561  0.00215387   0.0656261   0.0106036
 0.00222394   0.0213681   0.0106036    0.136415
x_ = -8.29812
 1.29669
-4.85548
0.878117
P_ =  0.00379691 0.000704529  0.00545882  0.00293213
0.000704529  0.00853086  0.00285652   0.0247593
 0.00545882  0.00285652   0.0460252   0.0150178
 0.00293213   0.0247593   0.0150178    0.146702
x_ = -8.53052
 1.32957
 -4.8382
0.848372
P_ =  0.00370861 0.000571992  0.00685909  0.00224576
0.000571992   0.0075435  0.00218639   0.0216145
 0.00685909  0.00218639   0.0656376   0.0107217
 0.00224576   0.0216145   0.0107217    0.137462
x_ = -8.73947
 1.36019
-4.49358
0.774599
P_ =  0.00380863 0.000764515  0.00551119  0.00309429
0.000764515  0.00878935  0.00311896   0.0252782
 0.00551119  0.00311896   0.0463231   0.0161307
 0.00309429   0.0252782   0.0161307    0.148335
x_ = -8.96056
 1.46142
-4.47696
0.951823
P_ =  0.00371747 0.000612594  0.00689679  0.00235084
0.000612594  0.00767828  0.00235747   0.0218019
 0.00689679  0.00235747   0.0658401   0.0114504
 0.00235084   0.0218019   0.0114504    0.138202
x_ =  -9.1988
 1.48674
 -4.7312
0.923575
P_ =  0.00382474 0.000834033  0.00558045  0.00330173
0.000834033  0.00900597  0.00341474   0.0256919
 0.00558045  0.00341474   0.0466762   0.0173402
 0.00330173   0.0256919   0.0173402    0.149608
x_ = -9.45785
 1.50131
-4.77786
0.831151
P_ =  0.00372972 0.000660769  0.00694586    0.002487
0.000660769  0.00778718  0.00255091   0.0219369
 0.00694586  0.00255091   0.0660739   0.0122287
   0.002487   0.0219369   0.0122287    0.138757
x_ = -9.70955
 1.49866
-4.90623
0.719665
P_ =  0.00383447 0.000882469  0.00559009  0.00340454
0.000882469  0.00921993  0.00344764   0.0261625
 0.00559009  0.00344764   0.0466316   0.0173379
 0.00340454   0.0261625   0.0173379    0.151237
x_ = -9.98422
 1.64364
-4.94217
 1.01865
P_ =  0.00373456 0.000685391  0.00694453  0.00251802
0.000685391  0.00789753  0.00254168    0.022122
 0.00694453  0.00254168   0.0660257   0.0121463
 0.00251802    0.022122   0.0121463    0.139548
x_ = -10.2038
 1.77279
-4.78823
 1.22785
P_ =  0.00384683 0.000937585  0.00563247  0.00354686
0.000937585  0.00942315  0.00363297   0.0265859
 0.00563247  0.00363297   0.0468419   0.0180832
 0.00354686   0.0265859   0.0180832    0.152515
x_ = -10.4007
 1.87328
-4.70389
 1.34304
P_ =   0.0037429 0.000719557  0.00697182  0.00259851
0.000719557  0.00799863  0.00265119   0.0222698
 0.00697182  0.00265119    0.066162   0.0126066
 0.00259851   0.0222698   0.0126066    0.140083
x_ = -10.6589
 1.96502
-4.87936
  1.4336
P_ = 0.00387036 0.00101991 0.00574644 0.00381744
0.00101991 0.00957887 0.00406124  0.0268355
0.00574644 0.00406124  0.0474717  0.0199234
0.00381744  0.0268355  0.0199234   0.153029
x_ = -10.8952
 2.01739
-4.86883
 1.38188
P_ =  0.00376167 0.000780066   0.0070556   0.0027937
0.000780066  0.00806868  0.00294276   0.0223136
  0.0070556  0.00294276   0.0665876   0.0138298
  0.0027937   0.0223136   0.0138298    0.140172
x_ = -11.1205
 2.11001
-4.81572
 1.44758
P_ = 0.00389418 0.00109976 0.00582941 0.00406081
0.00109976 0.00972512 0.00431938  0.0271099
0.00582941 0.00431938   0.047827  0.0209494
0.00406081  0.0271099  0.0209494   0.153808
x_ = -11.3041
 2.27076
 -4.6936
 1.69921
P_ =  0.00377836 0.000832449  0.00710975  0.00294212
0.000832449  0.00813571  0.00310131   0.0223871
 0.00710975  0.00310131   0.0668118    0.014461
 0.00294212   0.0223871    0.014461    0.140454
x_ = -11.5447
 2.35392
-4.71301
 1.69487
P_ = 0.00392806 0.00119901 0.00597299 0.00438289
0.00119901 0.00983442 0.00475437  0.0272538
0.00597299 0.00475437  0.0485575  0.0227936
0.00438289  0.0272538  0.0227936   0.153981
x_ = -11.7781
 2.50288
 -4.6954
 1.86969
P_ = 0.00380406 0.00090312 0.00721136 0.00316333
0.00090312 0.00817925 0.00339166  0.0223831
0.00721136 0.00339166  0.0672962    0.01567
0.00316333  0.0223831    0.01567   0.140374
x_ = -12.0325
  2.6243
-4.82674
 1.96519
P_ = 0.00396676 0.00130407 0.00611878 0.00471474
0.00130407 0.00993165 0.00513984  0.0273912
0.00611878 0.00513984  0.0492368  0.0243972
0.00471474  0.0273912  0.0243972   0.154195
x_ = -12.2751
 2.75957
-4.82076
 2.06491
P_ =  0.00383211 0.000975002  0.00731032  0.00337843
0.000975002   0.0082167  0.00364102   0.0223824
 0.00731032  0.00364102    0.067737   0.0166979
 0.00337843   0.0223824   0.0166979    0.140327
x_ = -12.5128
 2.83408
-4.72931
 1.96518
P_ = 0.00400908  0.0014114  0.0062701 0.00504578
 0.0014114    0.01002 0.00550488  0.0275162
 0.0062701 0.00550488  0.0499327  0.0259359
0.00504578  0.0275162  0.0259359   0.154353
x_ = -12.7218
 3.00684
-4.66092
  2.1709
P_ = 0.00386212 0.00104694 0.00741139 0.00358825
0.00104694 0.00824921 0.00387387  0.0223771
0.00741139 0.00387387  0.0681886  0.0176836
0.00358825  0.0223771  0.0176836   0.140241
x_ = -12.9453
 3.12923
-4.61304
 2.20385
P_ = 0.00405286 0.00151503 0.00642017  0.0053579
0.00151503  0.0100919 0.00583741   0.027605
0.00642017 0.00583741  0.0506158  0.0273535
 0.0053579   0.027605  0.0273535   0.154399
x_ = -13.1384
 3.31617
-4.52456
 2.41685
P_ = 0.00389266 0.00111541 0.00751037 0.00378292
0.00111541 0.00827328 0.00408415  0.0223582
0.00751037 0.00408415  0.0686324  0.0185943
0.00378292  0.0223582  0.0185943   0.140107
x_ = -13.3284
 3.41865
-4.39156
 2.35636
P_ = 0.00410401 0.00162553 0.00661191 0.00569902
0.00162553   0.010141 0.00624833  0.0276139
0.00661191 0.00624833  0.0515492  0.0291274
0.00569902  0.0276139  0.0291274   0.154075
x_ = -13.5097
 3.56048
-4.31387
 2.42841
P_ = 0.00392946  0.0011908 0.00764101 0.00400681
 0.0011908 0.00828324 0.00435215  0.0222924
0.00764101 0.00435215  0.0692472  0.0197571
0.00400681  0.0222924  0.0197571   0.139752
x_ = -13.7392
  3.7201
-4.35287
  2.5346
P_ = 0.00415407 0.00172709  0.0067781 0.00600502
0.00172709  0.0101776  0.0065577  0.0276222
 0.0067781  0.0065577   0.052295   0.030476
0.00600502  0.0276222   0.030476   0.153874
x_ = -13.9434
  3.8268
-4.33286
 2.48448
P_ =   0.003964 0.00125755 0.00774976 0.00419713
0.00125755 0.00828885 0.00454792  0.0222403
0.00774976 0.00454792  0.0697326  0.0206307
0.00419713  0.0222403  0.0206307   0.139505
x_ = -14.1361
 3.98206
-4.18718
 2.54653
P_ = 0.00420192 0.00182006 0.00692858 0.00628049
0.00182006   0.010213 0.00681809  0.0276459
0.00692858 0.00681809   0.052969  0.0316499
0.00628049  0.0276459  0.0316499   0.153739
x_ = -14.3234
 4.14737
-4.13554
 2.65176
P_ = 0.00399632 0.00131733 0.00784677 0.00436481
0.00131733 0.00829511 0.00470988  0.0222014
0.00784677 0.00470988  0.0701744  0.0213939
0.00436481  0.0222014  0.0213939   0.139295
x_ = -14.5483
 4.29859
-4.11721
  2.6827
P_ = 0.00425528 0.00191627 0.00712012 0.00657438
0.00191627  0.0102327 0.00715631  0.0276024
0.00712012 0.00715631  0.0539054  0.0331581
0.00657438  0.0276024  0.0331581   0.153254
x_ = -14.7274
 4.51296
-4.04426
 2.89984
P_ = 0.00403393 0.00138184 0.00797596   0.004556
0.00138184 0.00829103  0.0049289  0.0221199
0.00797596  0.0049289  0.0707957  0.0223914
  0.004556  0.0221199  0.0223914   0.138865
x_ = -14.9251
 4.66123
-3.98833
 2.89455
P_ = 0.00431808 0.00202127 0.00735658 0.00690294
0.00202127  0.0102381 0.00755421   0.027505
0.00735658 0.00755421  0.0550621  0.0348898
0.00690294   0.027505  0.0348898   0.152519
x_ = -15.0696
 4.84321
 -3.8734
 3.00511
P_ = 0.00407889 0.00145348  0.0081368 0.00477402
0.00145348 0.00827735 0.00518846  0.0220039
 0.0081368 0.00518846  0.0715584  0.0235318
0.00477402  0.0220039  0.0235318   0.138277
x_ = -15.2488
 4.97849
-3.79077
 2.94883
P_ = 0.00438494 0.00212576 0.00759335 0.00722829
0.00212576  0.0102324 0.00791065  0.0273932
0.00759335 0.00791065  0.0561661  0.0364427
0.00722829  0.0273932  0.0364427   0.151796
x_ =  -15.428
 5.20169
-3.74793
  3.1487
P_ = 0.00412577 0.00152352 0.00829466 0.00498401
0.00152352 0.00825834 0.00541809  0.0218862
0.00829466 0.00541809  0.0722805  0.0245468
0.00498401  0.0218862  0.0245468   0.137716
x_ = -15.5856
 5.37897
-3.52596
 3.15224
P_ = 0.00445602    0.00223 0.00784134 0.00755038
   0.00223  0.0102182 0.00825893  0.0272627
0.00784134 0.00825893  0.0573207  0.0379685
0.00755038  0.0272627  0.0379685   0.150997
x_ = -15.7861
 5.50204
-3.58292
 3.05653
P_ = 0.00417533 0.00159304 0.00845936 0.00519077
0.00159304 0.00823468 0.00564198  0.0217592
0.00845936 0.00564198  0.0730366  0.0255456
0.00519077  0.0217592  0.0255456   0.137106
x_ = -15.9587
 5.63395
-3.58549
 3.00637
P_ = 0.00452081 0.00232133 0.00803797 0.00782663
0.00232133   0.010208 0.00849559  0.0271821
0.00803797 0.00849559  0.0581734   0.039063
0.00782663  0.0271821   0.039063   0.150493
x_ = -16.0836
 5.84933
-3.46083
 3.18862
P_ = 0.00421848 0.00165126 0.00858449 0.00535779
0.00165126 0.00821632 0.00578852  0.0216723
0.00858449 0.00578852  0.0735942   0.026258
0.00535779  0.0216723   0.026258   0.136692
x_ = -16.2507
 5.99676
-3.35415
 3.12088
P_ = 0.00458796 0.00241011 0.00826395   0.008095
0.00241011  0.0101875 0.00877832    0.02705
0.00826395 0.00877832  0.0592466  0.0403481
  0.008095    0.02705  0.0403481   0.149696
x_ = -16.3745
 6.27558
-3.22965
 3.44873
P_ = 0.00426465 0.00170966 0.00873402 0.00552883
0.00170966 0.00819107  0.0059698  0.0215518
0.00873402  0.0059698   0.074306  0.0271105
0.00552883  0.0215518  0.0271105   0.136093
x_ = -16.5187
 6.39917
-3.11059
 3.28487
P_ = 0.00466789 0.00250763 0.00856497 0.00839562
0.00250763  0.0101477 0.00915694  0.0268258
0.00856497 0.00915694  0.0607337  0.0419941
0.00839562  0.0268258  0.0419941   0.148436
x_ = -16.6706
 6.61809
-3.08471
 3.42594
P_ = 0.00432174 0.00177645 0.00893895 0.00573105
0.00177645 0.00815186 0.00621791  0.0213695
0.00893895 0.00621791  0.0752903  0.0282047
0.00573105  0.0213695  0.0282047   0.135201
x_ = -16.8326
 6.80897
-3.12553
 3.48806
P_ = 0.00474631 0.00259895 0.00882391 0.00867788
0.00259895  0.0101095 0.00943405   0.026652
0.00882391 0.00943405  0.0618998   0.043233
0.00867788   0.026652   0.043233   0.147531
x_ = -17.0242
 7.07889
 -3.1603
 3.72199
P_ =  0.0043753 0.00183629 0.00910793 0.00590862
0.00183629 0.00811643 0.00639414  0.0212284
0.00910793 0.00639414  0.0760521   0.029015
0.00590862  0.0212284   0.029015   0.134548
x_ = -17.1476
  7.2733
-2.90526
 3.67298
P_ = 0.00483301 0.00269409 0.00913017 0.00896941
0.00269409  0.0100634 0.00976378  0.0264309
0.00913017 0.00976378  0.0633582    0.04468
0.00896941  0.0264309    0.04468   0.146321
x_ = -17.2333
 7.57715
-2.74614
 3.99534
P_ = 0.00443571 0.00189973  0.0093122  0.0060979
0.00189973 0.00807427 0.00660645  0.0210513
 0.0093122 0.00660645  0.0770127  0.0299692
 0.0060979  0.0210513  0.0299692   0.133684
x_ = -17.3728
 7.75912
-2.77951
 3.95947
P_ = 0.00493762 0.00279837 0.00952979 0.00928767
0.00279837 0.00998987  0.0101816  0.0260871
0.00952979  0.0101816  0.0653159  0.0464466
0.00928767  0.0260871  0.0464466    0.14452
x_ = -17.4937
 7.92113
-2.75776
 3.87413
P_ = 0.00451076 0.00197162 0.00958439 0.00631401
0.00197162 0.00801287 0.00688038  0.0207942
0.00958439 0.00688038  0.0783021  0.0311421
0.00631401  0.0207942  0.0311421   0.132455
x_ = -17.6041
   8.137
-2.58784
 3.88857
P_ = 0.00503212 0.00288924 0.00981821 0.00956996
0.00288924 0.00993067  0.0104131  0.0258777
0.00981821  0.0104131  0.0665364  0.0475203
0.00956996  0.0258777  0.0475203   0.143542
x_ = -17.7389
 8.38795
-2.57702
 4.02903
P_ =  0.0045737 0.00202971 0.00976742 0.00648505
0.00202971 0.00796585 0.00702477  0.0206379
0.00976742 0.00702477   0.079093  0.0318387
0.00648505  0.0206379  0.0318387   0.131764
x_ = -17.8249
 8.55602
-2.31415
 3.86286
P_ = 0.00513094 0.00297785  0.0101511  0.0098363
0.00297785 0.00986303  0.0106958  0.0256086
 0.0101511  0.0106958  0.0681039  0.0487909
 0.0098363  0.0256086  0.0487909   0.142156
x_ = -17.8761
 8.88002
-2.13569
 4.21014
P_ = 0.00464155 0.00208798 0.00998724  0.0066552
0.00208798 0.00791181 0.00720628  0.0204377
0.00998724 0.00720628  0.0801299  0.0326834
 0.0066552  0.0204377  0.0326834   0.130796
x_ = -17.9547
  9.0983
-1.87599
 4.13405
P_ =  0.0052437 0.00306968  0.0105648   0.010108
0.00306968 0.00977307  0.0110437   0.025234
 0.0105648  0.0110437   0.070117  0.0502762
  0.010108   0.025234  0.0502762   0.140253
x_ = -17.9433
 9.45572
-1.60587
 4.54188
P_ = 0.00472132 0.00215044  0.0102668 0.00683753
0.00215044 0.00784191 0.00743378  0.0201679
 0.0102668 0.00743378  0.0814606   0.033677
0.00683753  0.0201679   0.033677   0.129508
x_ = -18.0077
 9.69436
-1.48531
 4.52937
P_ = 0.00538255 0.00317066  0.0111042  0.0104009
0.00317066 0.00964852  0.0114727  0.0247106
 0.0111042  0.0114727  0.0727652  0.0520217
 0.0104009  0.0247106  0.0520217   0.137654
x_ = -18.0899
 9.93192
-1.49664
  4.5541
P_ = 0.00482174 0.00222099  0.0106359 0.00704151
0.00222099 0.00774749 0.00771695  0.0198001
 0.0106359 0.00771695  0.0832034  0.0348469
0.00704151  0.0198001  0.0348469   0.127787
x_ =  -18.184
 10.1172
-1.47915
 4.39806
P_ =  0.0055219 0.00326639  0.0115719  0.0106924
0.00326639 0.00953188  0.0117689  0.0242959
 0.0115719  0.0117689  0.0748536   0.053314
 0.0106924  0.0242959   0.053314   0.135741
x_ = -18.1761
 10.4165
-1.27927
 4.61976
P_ = 0.00491745 0.00228412  0.0109417 0.00722611
0.00228412 0.00766208 0.00790733  0.0195129
 0.0109417 0.00790733  0.0845597  0.0356965
0.00722611  0.0195129  0.0356965   0.126506
x_ = -18.2616
 10.6518
-1.42505
 4.68563
P_ = 0.00566112 0.00335439  0.0120296  0.0109531
0.00335439 0.00941428  0.0120325  0.0238864
 0.0120296  0.0120325  0.0769301  0.0544864
 0.0109531  0.0238864  0.0544864   0.133808
x_ = -18.3292
 10.8424
-1.43665
 4.58036
P_ = 0.00501246 0.00234161  0.0112407  0.0073897
0.00234161  0.0075767 0.00807682  0.0192299
 0.0112407 0.00807682  0.0859203  0.0364753
 0.0073897  0.0192299  0.0364753   0.125202
x_ = -18.3832
 11.0512
-1.22396
 4.42165
P_ = 0.00578483   0.003429  0.0123903  0.0111828
  0.003429 0.00931625  0.0121968  0.0235872
 0.0123903  0.0121968  0.0784925  0.0553331
 0.0111828  0.0235872  0.0553331   0.132422
x_ =   -18.344
  11.4714
-0.931167
  4.93894
P_ =  0.0050937 0.00238822  0.0114683 0.00752537
0.00238822 0.00750695 0.00817956  0.0190237
 0.0114683 0.00817956  0.0869503  0.0370367
0.00752537  0.0190237  0.0370367    0.12424
x_ = -18.3857
 11.7104
-0.83476
 4.86169
P_ = 0.00593129 0.00350467   0.012934  0.0113774
0.00350467 0.00918295  0.0125035  0.0230582
  0.012934  0.0125035  0.0812109  0.0565737
 0.0113774  0.0230582  0.0565737   0.129726
x_ =  -18.4175
  11.9662
-0.808468
  4.89569
P_ = 0.00519782 0.00243962  0.0118387 0.00765985
0.00243962 0.00740821 0.00838031  0.0186538
 0.0118387 0.00838031  0.0887624  0.0378854
0.00765985  0.0186538  0.0378854   0.122429
x_ =  -18.4524
   12.206
-0.822569
  4.90147
P_ = 0.00607657 0.00357472  0.0134157   0.011582
0.00357472 0.00905608   0.012713  0.0226172
 0.0134157   0.012713  0.0834195  0.0575131
  0.011582  0.0226172  0.0575131   0.127644
x_ =  -18.4892
  12.4868
-0.797333
  4.98852
P_ = 0.00529706 0.00248504  0.0121547 0.00778899
0.00248504 0.00731714 0.00851464  0.0183514
 0.0121547 0.00851464   0.090216  0.0385159
0.00778899  0.0183514  0.0385159   0.121028
x_ = -18.5013
 12.7361
-0.57925
 4.88485
P_ = 0.00621936 0.00363789   0.013877  0.0117673
0.00363789 0.00893278  0.0128882  0.0221997
  0.013877  0.0128882  0.0855358  0.0583287
 0.0117673  0.0221997  0.0583287   0.125656
x_ =  -18.5019
  13.0389
-0.492987
  5.03398
P_ = 0.00539372 0.00252534  0.0124557 0.00790384
0.00252534 0.00722914   0.008626  0.0180649
 0.0124557   0.008626  0.0916156  0.0390647
0.00790384  0.0180649  0.0390647   0.119678
x_ =  -18.5004
  13.2347
-0.192849
  4.70794
P_ = 0.00636689 0.00369537  0.0143755  0.0119238
0.00369537 0.00880113  0.0130692  0.0217321
 0.0143755  0.0130692  0.0878982  0.0591172
 0.0119238  0.0217321  0.0591172   0.123378
x_ =  -18.4249
  13.5668
0.0319375
  4.96647
P_ = 0.00549509 0.00256245  0.0127863 0.00800405
0.00256245 0.00713466 0.00874181  0.0177433
 0.0127863 0.00874181  0.0931855  0.0396026
0.00800405  0.0177433  0.0396026   0.118139
x_ = -18.4115
 13.8306
0.149315
 4.94197
P_ = 0.00652274  0.0037472  0.0149168  0.0120551
 0.0037472 0.00865621  0.0132461  0.0212083
 0.0149168  0.0132461  0.0904773  0.0598452
 0.0120551  0.0212083  0.0598452    0.12085
x_ = -18.3648
  14.109
0.247643
 5.02926
P_ = 0.00560332 0.00259631  0.0131479 0.00809059
0.00259631 0.00703106  0.0088558  0.0173856
 0.0131479  0.0088558  0.0948971  0.0401052
0.00809059  0.0173856  0.0401052   0.116448
x_ = -18.3329
 14.3481
 0.48075
 4.84784
P_ = 0.00668415 0.00379383   0.015467  0.0121745
0.00379383 0.00850603   0.013394    0.02068
  0.015467   0.013394  0.0930573  0.0604654
 0.0121745    0.02068  0.0604654   0.118339
x_ = -18.2858
 14.5767
0.523633
 4.82407
P_ = 0.00571468 0.00262632  0.0135131 0.00816754
0.00262632  0.0069246 0.00895054  0.0170269
 0.0135131 0.00895054  0.0966051  0.0405339
0.00816754  0.0170269  0.0405339   0.114769
x_ = -18.2306
 14.8011
0.823299
 4.58998
P_ = 0.00684011 0.00383332   0.015967  0.0122876
0.00383332 0.00836287  0.0134894  0.0202099
  0.015967  0.0134894  0.0953348  0.0609367
 0.0122876  0.0202099  0.0609367   0.116155
x_ = -18.123
15.1021
1.00115
 4.7791
P_ = 0.00582013 0.00265088  0.0138393 0.00823627
0.00265088 0.00682484 0.00901129   0.016711
 0.0138393 0.00901129  0.0981131  0.0408594
0.00823627   0.016711  0.0408594     0.1133
x_ = -18.0613
 15.3561
   1.017
 4.83373
P_ = 0.00700359 0.00386534  0.0165282   0.012352
0.00386534 0.00820672   0.013595  0.0196594
 0.0165282   0.013595  0.0980145  0.0613421
  0.012352  0.0196594  0.0613421   0.113504
x_ = -17.9825
 15.6097
  1.0835
 4.87125
P_ = 0.00593334 0.00267115  0.0142141 0.00827856
0.00267115 0.00671467 0.00907887  0.0163381
 0.0142141 0.00907887  0.0998984  0.0411516
0.00827856  0.0163381  0.0411516   0.111526
x_ = -17.9131
 15.8245
 1.14403
 4.77309
P_ = 0.00716938 0.00389142  0.0170832  0.0124066
0.00389142 0.00804957  0.0136673  0.0191223
 0.0170832  0.0136673   0.100611  0.0616374
 0.0124066  0.0191223  0.0616374   0.110964
x_ = -17.8205
 16.0721
 1.22604
  4.8064
P_ = 0.00604711 0.00268706  0.0145815 0.00831234
0.00268706 0.00660469 0.00912449  0.0159764
 0.0145815 0.00912449   0.101623   0.041367
0.00831234  0.0159764   0.041367   0.109825
x_ = -17.7899
 16.3074
  1.1061
 4.82983
P_ = 0.00733154 0.00391089  0.0176083  0.0124509
0.00391089 0.00789691  0.0137046  0.0186192
 0.0176083  0.0137046   0.103034  0.0618249
 0.0124509  0.0186192  0.0618249   0.108609
x_ = -17.6178
  16.599
 1.38863
 4.98539
P_ = 0.00615716 0.00269828   0.014926 0.00833745
0.00269828 0.00649884 0.00914767  0.0156394
  0.014926 0.00914767   0.103234  0.0415081
0.00833745  0.0156394  0.0415081   0.108242
x_ = -17.4938
 16.7732
 1.80567
 4.50502
P_ = 0.00749984 0.00392258  0.0181808  0.0124481
0.00392258 0.00773509  0.0137378  0.0180573
 0.0181808  0.0137378    0.10576  0.0618972
 0.0124481  0.0180573  0.0618972    0.10591
x_ = -17.3759
   17.03
 1.88269
 4.58548
P_ = 0.00627332 0.00270445  0.0153078 0.00833479
0.00270445 0.00638542 0.00916707    0.01526
 0.0153078 0.00916707   0.105053  0.0415789
0.00833479    0.01526  0.0415789   0.106432
x_ = -17.2476
 17.2088
 2.23279
 4.17632
P_ = 0.00766609 0.00392721  0.0187276  0.0124379
0.00392721 0.00757497  0.0137333  0.0175233
 0.0187276  0.0137333   0.108307  0.0618677
 0.0124379  0.0175233  0.0618677   0.103405
x_ = -17.0768
  17.507
 2.40977
 4.39607
P_ = 0.00638687 0.00270583  0.0156689 0.00832582
0.00270583 0.00627452 0.00916321  0.0149029
 0.0156689 0.00916321   0.106749  0.0415807
0.00832582  0.0149029  0.0415807   0.104754
x_ = -16.9298
 17.6895
 2.58283
 4.18036
P_ = 0.00783911 0.00392245  0.0193215  0.0123749
0.00392245 0.00740403  0.0137153  0.0169291
 0.0193215  0.0137153   0.111142  0.0616846
 0.0123749  0.0169291  0.0616846    0.10057
x_ = -16.7957
 17.9144
 2.60192
 4.21716
P_ = 0.00650694 0.00270103  0.0160669 0.00828498
0.00270103  0.0061552  0.0091497  0.0145036
 0.0160669  0.0091497   0.108643  0.0414876
0.00828498  0.0145036  0.0414876   0.102861
x_ = -16.6442
 18.1057
 2.71987
 4.09297
P_ = 0.00800885 0.00391199  0.0198748  0.0123194
0.00391199 0.00723892  0.0136591  0.0163874
 0.0198748  0.0136591   0.113701  0.0614341
 0.0123194  0.0163874  0.0614341  0.0980532
x_ = -16.4831
  18.262
 2.75342
 3.99653
P_ = 0.00662264 0.00269224  0.0164316 0.00824609
0.00269224 0.00604159 0.00911263  0.0141432
 0.0164316 0.00911263   0.110348  0.0413436
0.00824609  0.0141432  0.0413436   0.101176
x_ = -16.347
18.4491
2.77687
 3.9286
P_ =  0.0081702 0.00389571  0.0203852  0.0122579
0.00389571 0.00708242  0.0135772  0.0158901
 0.0203852  0.0135772   0.116055  0.0611137
 0.0122579  0.0158901  0.0611137  0.0957411
x_ = -16.1585
 18.6821
 2.90894
 4.02557
P_ = 0.00673163 0.00267963  0.0167663  0.0082025
0.00267963 0.00593476 0.00905984  0.0138135
 0.0167663 0.00905984   0.111924  0.0411502
 0.0082025  0.0138135  0.0411502  0.0996187
x_ = -15.9831
 18.8555
 3.12625
 3.77847
P_ = 0.00833224 0.00387123  0.0209227  0.0121454
0.00387123 0.00692291  0.0134836  0.0153561
 0.0209227  0.0134836   0.118619  0.0606348
 0.0121454  0.0153561  0.0606348  0.0931855
x_ = -15.7646
 19.1192
 3.30653
 3.96099
P_ = 0.00684287 0.00266137  0.0171247  0.0081273
0.00266137 0.00582455 0.00899718  0.0134557
 0.0171247 0.00899718   0.113649   0.040855
 0.0081273  0.0134557   0.040855  0.0978971
x_ = -15.5849
 19.2777
 3.49479
 3.65671
P_ = 0.00850332 0.00383507  0.0215197  0.0119647
0.00383507 0.00675028  0.0133646  0.0147495
 0.0215197  0.0133646   0.121511  0.0599298
 0.0119647  0.0147495  0.0599298  0.0902649
x_ = -15.3941
 19.4993
 3.55102
  3.7447
P_ = 0.00696254 0.00263501  0.0175284 0.00800973
0.00263501   0.005704 0.00891579  0.0130472
 0.0175284 0.00891579   0.115592  0.0404186
0.00800973  0.0130472  0.0404186  0.0959427
x_ = -15.1943
 19.6442
 3.76916
 3.41155
P_ = 0.00867479 0.00379259  0.0220909  0.0117921
0.00379259 0.00658002  0.0132095  0.0141817
 0.0220909  0.0132095   0.124183  0.0591785
 0.0117921  0.0141817  0.0591785  0.0876128
x_ = -14.9556
 19.8728
 3.91536
 3.55096
P_ = 0.00708045 0.00260441  0.0179084 0.00789534
0.00260441 0.00558667 0.00881298  0.0126688
 0.0179084 0.00881298   0.117377  0.0399467
0.00789534  0.0126688  0.0399467  0.0941683
x_ = -14.7821
 20.0102
 3.96677
 3.28179
P_ = 0.00884884 0.00373942  0.0226789    0.01157
0.00373942 0.00640495  0.0130238  0.0135894
 0.0226789  0.0130238   0.126968  0.0582321
   0.01157  0.0135894  0.0582321   0.084819
x_ = -14.6533
 20.1351
 3.78326
 3.17694
P_ = 0.00720092 0.00256642  0.0183022 0.00774898
0.00256642 0.00546568 0.00868932   0.012273
 0.0183022 0.00868932   0.119245  0.0393491
0.00774898   0.012273  0.0393491  0.0922989
x_ = -14.4631
 20.2636
 3.81493
 3.04895
P_ = 0.00900291 0.00369144  0.0231266  0.0114547
0.00369144 0.00625862  0.0128272  0.0131692
 0.0231266  0.0128272   0.128929  0.0575571
 0.0114547  0.0131692  0.0575571  0.0829466
x_ = -14.196
  20.46
4.01763
3.16545
P_ = 0.00730204 0.00253296  0.0185875 0.00766837
0.00253296 0.00536826 0.00856549  0.0119998
 0.0185875 0.00856549   0.120555  0.0389105
0.00766837  0.0119998  0.0389105  0.0910265
x_ = -13.9732
 20.5735
  4.1965
 2.85346
P_ =  0.0091554 0.00363108  0.0236305  0.0112187
0.00363108 0.00610592  0.0126171  0.0126607
 0.0236305  0.0126171   0.131375  0.0564969
 0.0112187  0.0126607  0.0564969  0.0804752
x_ = -13.7819
 20.7222
 4.15495
 2.85998
P_ = 0.00740694 0.00249021   0.018926 0.00751161
0.00249021 0.00526307 0.00842528  0.0116583
  0.018926 0.00842528   0.122218  0.0382259
0.00751161  0.0116583  0.0382259  0.0893503
x_ = -13.5592
  20.826
 4.31053
 2.56366
P_ = 0.00930211 0.00356637  0.0241034  0.0109914
0.00356637 0.00595964  0.0123863  0.0121886
 0.0241034  0.0123863   0.133618  0.0554366
 0.0109914  0.0121886  0.0554366  0.0782364
x_ = -13.2983
 20.9727
 4.42841
 2.61586
P_ = 0.00750701  0.0024449   0.019241 0.00736055
 0.0024449 0.00516316 0.00827351  0.0113436
  0.019241 0.00827351   0.123738  0.0375398
0.00736055  0.0113436  0.0375398  0.0878332
x_ = -13.0442
 21.0814
 4.58208
 2.44074
P_ = 0.00944851 0.00349127  0.0245953  0.0107042
0.00349127  0.0058099  0.0121272  0.0116858
 0.0245953  0.0121272   0.135999  0.0541545
 0.0107042  0.0116858  0.0541545  0.0758269
x_ = -12.7653
 21.2458
 4.72222
 2.54202
P_ =  0.0076086  0.0023922  0.0195737  0.0071712
 0.0023922 0.00505998   0.008101  0.0110066
 0.0195737   0.008101   0.125356   0.036712
 0.0071712  0.0110066   0.036712   0.086206
x_ = -12.5278
 21.3559
  4.7639
 2.42571
P_ = 0.00960102  0.0034013  0.0251282  0.0103369
 0.0034013  0.0056505  0.0118226  0.0111319
 0.0251282  0.0118226   0.138599  0.0525671
 0.0103369  0.0111319  0.0525671  0.0731713
x_ = -12.2419
 21.5025
 4.89197
 2.49045
P_ = 0.00771612 0.00232878  0.0199381 0.00692992
0.00232878 0.00494925 0.00789594  0.0106339
 0.0199381 0.00789594   0.127122  0.0356903
0.00692992  0.0106339  0.0356903   0.084422
x_ = -11.965
21.5785
5.08801
2.14333
P_ = 0.00975675 0.00330086  0.0256596 0.00995049
0.00330086 0.00548938  0.0114788  0.0105875
 0.0256596  0.0114788   0.141133  0.0508704
0.00995049  0.0105875  0.0508704  0.0706132
x_ = -11.7967
 21.6741
 4.87042
 2.09622
P_ = 0.00782489 0.00225833  0.0202979 0.00667543
0.00225833  0.0048381 0.00766697  0.0102699
 0.0202979 0.00766697   0.128833  0.0345967
0.00667543  0.0102699  0.0345967  0.0827056
x_ = -11.5382
 21.7495
 4.98329
 1.86766
P_ = 0.00990126 0.00320451  0.0261046 0.00965663
0.00320451 0.00534637  0.0111411  0.0101545
 0.0261046  0.0111411   0.143148  0.0494621
0.00965663  0.0101545  0.0494621  0.0686448
x_ = -11.269
21.7984
 5.0141
1.78493
P_ = 0.00792192  0.0021922  0.0205889 0.00648045
 0.0021922   0.004742 0.00744941 0.00998543
 0.0205889 0.00744941   0.130189   0.033678
0.00648045 0.00998543   0.033678  0.0813718
x_ = -11.0261
 21.8634
 5.04571
  1.6061
P_ =  0.0100357 0.00310229  0.0265304 0.00931405
0.00310229 0.00520947  0.0107905 0.00972405
 0.0265304  0.0107905   0.145169  0.0478552
0.00931405 0.00972405  0.0478552   0.066607
x_ = -10.8197
 21.8775
 4.90379
 1.46393
P_ = 0.00801362 0.00212166  0.0208736 0.00625328
0.00212166 0.00464918 0.00722003 0.00969933
 0.0208736 0.00722003    0.13157   0.032625
0.00625328 0.00969933   0.032625  0.0799834
x_ = -10.5519
  21.915
 5.07188
 1.12647
P_ =  0.0101556 0.00300516  0.0268894 0.00903086
0.00300516 0.00508925   0.010456 0.00936905
 0.0268894   0.010456    0.14684  0.0464539
0.00903086 0.00936905  0.0464539  0.0649471
x_ = -10.2706
 21.9644
 5.13845
    1.12
P_ = 0.00809387 0.00205565  0.0211101 0.00606532
0.00205565 0.00456889 0.00700496 0.00946549
 0.0211101 0.00700496   0.132717  0.0316987
0.00606532 0.00946549  0.0316987  0.0788423
x_ =  -9.9993
 21.9713
 5.23586
0.840857
P_ =  0.0102701  0.0028968  0.0272685 0.00864018
 0.0028968 0.00496764  0.0100884 0.00896967
 0.0272685  0.0100884   0.148727  0.0446447
0.00864018 0.00896967  0.0446447  0.0629968
x_ = -9.75308
 22.0023
 5.19224
0.815499
P_ = 0.00817384 0.00198045  0.0213709 0.00580639
0.00198045 0.00448558 0.00676018 0.00919675
 0.0213709 0.00676018   0.134028  0.0305075
0.00580639 0.00919675  0.0305075  0.0775073
x_ = -9.48429
 22.0019
 5.29166
0.512685
P_ =  0.0103795 0.00278392  0.0276281 0.00825051
0.00278392 0.00485087 0.00970423 0.00859308
 0.0276281 0.00970423   0.150486  0.0428369
0.00825051 0.00859308  0.0428369  0.0611974
x_ = -9.27799
 22.0383
 5.14822
0.520216
P_ = 0.00825015 0.00190255  0.0216175 0.00554884
0.00190255 0.00440598 0.00650638 0.00894465
 0.0216175 0.00650638   0.135246  0.0293197
0.00554884 0.00894465  0.0293197  0.0762784
x_ = -9.01279
 22.0227
 5.23738
0.222733
P_ =  0.0104816 0.00267201  0.0279533 0.00789231
0.00267201 0.00474342 0.00932339 0.00825966
 0.0279533 0.00932339   0.152048  0.0411333
0.00789231 0.00825966  0.0411333  0.0596215
x_ = -8.71005
 22.0558
 5.34949
0.273835
P_ = 0.00832051 0.00182596  0.0218382 0.00531197
0.00182596  0.0043334 0.00625718 0.00872258
 0.0218382 0.00625718   0.136328  0.0281946
0.00531197 0.00872258  0.0281946  0.0751969
x_ =  -8.44043
  22.0317
  5.46705
-0.146458
P_ =  0.0105811 0.00254623  0.0282956 0.00742578
0.00254623 0.00463305 0.00889631 0.00788952
 0.0282956 0.00889631   0.153767  0.0390029
0.00742578 0.00788952  0.0390029  0.0578262
x_ =   -8.13686
    22.049
   5.55314
-0.0934079
P_ = 0.00839161 0.00173831  0.0220781 0.00500271
0.00173831 0.00425738 0.00597061 0.00847262
 0.0220781 0.00597061   0.137527  0.0267927
0.00500271 0.00847262  0.0267927    0.07397
x_ =  -7.84039
  22.0419
  5.64684
-0.230065
P_ =  0.0106796 0.00240781  0.0286376 0.00690973
0.00240781 0.00452179 0.00842603 0.00751631
 0.0286376 0.00842603    0.15547  0.0366785
0.00690973 0.00751631  0.0366785  0.0560439
x_ =  -7.62679
   22.034
  5.47136
-0.235788
P_ = 0.00846247 0.00164177  0.0223188 0.00466112
0.00164177 0.00418075 0.00565566 0.00822119
 0.0223188 0.00565566   0.138715  0.0252701
0.00466112 0.00822119  0.0252701  0.0727568
x_ =  -7.35585
  21.9778
  5.54933
-0.639391
P_ =  0.0107737 0.00226948  0.0289447 0.00644888
0.00226948 0.00441935 0.00795891 0.00719563
 0.0289447 0.00795891   0.156942  0.0345508
0.00644888 0.00719563  0.0345508  0.0545468
x_ =  -7.14834
  21.9419
  5.36743
-0.658576
P_ = 0.00852835 0.00154664  0.0225297 0.00435648
0.00154664 0.00411137 0.00534875 0.00800744
 0.0225297 0.00534875   0.139736  0.0238709
0.00435648 0.00800744  0.0238709  0.0717321
x_ =  -6.86645
  21.8902
  5.43659
-0.826507
P_ =  0.0108568 0.00213799  0.0291999 0.00605433
0.00213799 0.00432985 0.00752044 0.00693263
 0.0291999 0.00752044   0.158153   0.032663
0.00605433 0.00693263   0.032663  0.0533197
x_ =  -6.73575
  21.8207
  5.06205
-0.901738
P_ =  0.0085854 0.00145751  0.0227032 0.00409593
0.00145751 0.00405165 0.00506508 0.00783338
 0.0227032 0.00506508   0.140582  0.0226187
0.00409593 0.00783338  0.0226187  0.0708827
x_ =  -6.51194
  21.7761
  4.97966
-0.886701
P_ =  0.0109254 0.00202195  0.0293952 0.00575621
0.00202195 0.00425682 0.00713848  0.0067349
 0.0293952 0.00713848   0.159079   0.031133
0.00575621  0.0067349   0.031133  0.0523855
x_ = -6.36571
 21.7226
 4.71006
-0.91958
P_ = 0.00863147 0.00138031  0.0228345 0.00389913
0.00138031 0.00400383 0.00482209  0.0077034
 0.0228345 0.00482209    0.14124  0.0215861
0.00389913  0.0077034  0.0215861  0.0702231
x_ =  -6.1133
 21.6539
 4.74936
-0.96588
P_ =  0.0109806 0.00192056  0.0295493 0.00550793
0.00192056 0.00419757 0.00680503 0.00657706
 0.0295493 0.00680503    0.15984   0.029784
0.00550793 0.00657706   0.029784  0.0516071
x_ =  -5.86502
  21.6228
  4.78267
-0.932212
P_ = 0.00866855 0.00131314  0.0229395 0.00373408
0.00131314 0.00396514 0.00460874 0.00759862
 0.0229395 0.00460874   0.141793  0.0206593
0.00373408 0.00759862  0.0206593  0.0696633
x_ =  -5.6311
 21.5362
 4.84267
-1.35768
P_ =  0.0110303   0.001804   0.029726 0.00507353
  0.001804 0.00413509 0.00640588 0.00636525
  0.029726 0.00640588   0.160824  0.0276935
0.00507353 0.00636525  0.0276935  0.0505127
x_ = -5.32538
 21.4977
   5.017
-1.29476
P_ = 0.00870593 0.00123147  0.0230724 0.00344193
0.00123147 0.00392184 0.00433477 0.00745215
 0.0230724 0.00433477   0.142518  0.0192497
0.00344193 0.00745215  0.0192497  0.0688937
x_ = -5.02789
 21.4198
 5.16598
-1.44323
P_ =  0.0110792 0.00166466  0.0299181  0.0045074
0.00166466 0.00406699 0.00592072 0.00612203
 0.0299181 0.00592072   0.161892  0.0251159
 0.0045074 0.00612203  0.0251159  0.0493058
x_ = -4.80537
 21.3716
 5.07856
-1.40305
P_ = 0.00874496  0.0011324  0.0232212 0.00306275
 0.0011324 0.00387403 0.00399942 0.00728436
 0.0232212 0.00399942   0.143305  0.0175416
0.00306275 0.00728436  0.0175416   0.068059
x_ = -4.57059
 21.2841
  5.0187
-1.41516
